<?xml version="1.0"?>
<opencv_storage>
<Camera>
  <CameraMatrix type_id="opencv-matrix">
    <rows>3</rows>
    <cols>3</cols>
    <dt>d</dt>
    <data>
      7.0199326161977046e+002 0. 3.2496699289059615e+002 0.
      6.9953479337513886e+002 2.3788561752771335e+002 0. 0. 1.</data></CameraMatrix>
  <DistCoeffs type_id="opencv-matrix">
    <rows>1</rows>
    <cols>5</cols>
    <dt>d</dt>
    <data>
      1.2716123396531975e-001 -1.2140327702996898e+000
      -6.1498542617200412e-003 2.7991962803977678e-003
      2.4762809978130420e+000</data></DistCoeffs>
  <size>
    640 480</size></Camera>
</opencv_storage>
